TUNING WINDOW W1, stress 0.7, store CA_1 FOODS_3; overrides: ['gate.continuation=replace_sales', 'gate.tie_break=min_tail', 'gate.max_prob_tol=0.0']
buffer 16,596  opening cash 21,505  lump 8,597  weekly base fixed 6,149  R* 20,036
 wk  fixed  A_cash  B_cash  C_cash  A_spend  B_spend  C_spend  Cfull    B*  status   P*  P(A order)       P at 0/20/40/60/80/100%  A_fill  B_fill  C_fill
  1   6149   19049   19049   19049    18017    11589    20461  37414 20461 constra 0.90        0.99 1.00 1.00 1.00 0.83 0.30 0.04    0.94    0.94    0.94
  2   6149   19784   21447   19951    18104    17969     6706  42249  6706 cash_at 0.74        0.49 0.46 0.67 0.60 0.22 0.07 0.01    0.96    0.95    0.96
  3  14746   14888   18302   13160    15658    13254    10088  42372 10089 cash_at 0.03        0.03 0.03 0.03 0.03 0.03 0.03 0.01    0.98    0.93    0.92
  4   6149   16333   20865   18821    21362    20784    27176  59745 27176 constra 0.91        0.34 0.40 1.00 0.98 0.38 0.04 0.00    0.96    0.92    0.81
  5   6149   16451   21629   19857    18890    17483    13114  43598 13114 constra 0.90        0.18 0.96 0.98 0.64 0.10 0.00 0.00    0.98    0.96    0.88
  6   6149   19892   25774   22044    14443    11417     6560  59041  6560 cash_at 0.37        0.03 0.08 0.36 0.06 0.00 0.00 0.00    0.98    0.95    0.95
  7  14746   15139   21298   17954    21285    20150    14595  54087 14595 cash_at 0.65        0.06 0.13 0.65 0.65 0.25 0.00 0.00    0.97    0.91    0.81
  8   6149   20644   26463   22884    16343    18956    22794  56593 22794 constra 0.90        0.18 0.08 0.98 0.92 0.26 0.00 0.00    0.97    0.92    0.75
  9   6149   21930   27305   25441    20776    19427    19236  50362 19236 constra 0.90        0.33 0.81 1.00 0.85 0.15 0.00 0.00    0.96    0.93    0.87
 10   6149   25599   28953   25544    19474    18239     9051  51836  9051 cash_at 0.67        0.22 0.14 0.63 0.42 0.08 0.00 0.00    0.95    0.92    0.90
 11  14746   20347   23656   18979    20471    18793    25822  54682 25822 constra 0.90        0.28 0.68 0.94 0.94 0.51 0.03 0.00    0.98    0.94    0.86
 12   6149   22453   25625   22270    18812    17913    12000  44882 12000 constra 0.90        0.25 0.62 0.95 0.65 0.19 0.01 0.00    0.98    0.93    0.89
 13   6149   23332   26739   22803    21074    20163    17645  45783 17645 constra 0.91        0.14 0.47 0.97 0.89 0.38 0.03 0.00    0.97    0.93    0.88
 14   6149   22593   26392   22906    19624    19048    15586  51681 15586 cash_at 0.86        0.27 0.24 0.86 0.77 0.29 0.02 0.00    0.97    0.94    0.91
 15  14746   16043   19858   17396    17310    13099     9443  54082  9443 cash_at 0.69        0.07 0.25 0.69 0.51 0.09 0.02 0.00    0.99    0.97    0.89
 16   6149   19106   23308   21457    15438    15288    15577  49068 15577 cash_at 0.43        0.00 0.00 0.12 0.38 0.03 0.00 0.00    0.99    0.93    0.84
 17   6149   21394   25637   22475    17382    16108    14842  46754 14843 cash_at 0.75        0.00 0.00 0.35 0.69 0.12 0.00 0.00    0.95    0.89    0.76
 18   6149   24438   27781   23198    17808    17424    14617  46043 14617 cash_at 0.48        0.01 0.00 0.16 0.45 0.07 0.00 0.00    0.95    0.86    0.80
 19  14746   19871   22793   18095    17033    17457    14100  49350 14100 cash_at 0.65        0.02 0.00 0.53 0.50 0.05 0.00 0.00    0.98    0.94    0.88
 20   6149   26548   28628   22480    16351    18747    11829  57325 11829 cash_at 0.22        0.00 0.00 0.20 0.07 0.00 0.00 0.00    0.98    0.91    0.80
 21   6149   30593   30922   23983    21002    18387    15512  61078 15512 cash_at 0.41        0.00 0.00 0.22 0.17 0.00 0.00 0.00    0.95    0.93    0.73
 22   6149   35778   34155   26495    19061    19059    19504  55851 19504 cash_at 0.41        0.01 0.00 0.16 0.35 0.05 0.00 0.00    0.95    0.93    0.78
 23  14746   24448   23716   17114    21982    22601    14074  52157 14074 cash_at 0.68        0.03 0.00 0.64 0.52 0.08 0.00 0.00    0.95    0.92    0.85
 24   6149   27936   26671   18553    16814    15167    15235  59988 15235 cash_at 0.02        0.00 0.00 0.00 0.00 0.00 0.00 0.00    0.95    0.94    0.84
 25   6149   28980   27933   21321    16164    16114    14735  51574 14735 cash_at 0.02        0.00 0.00 0.00 0.01 0.00 0.00 0.00    0.99    0.98    0.88
 26   6149   29884   28581   20867    18045    16996    17528  50193 17528 cash_at 0.01        0.00 0.00 0.00 0.01 0.00 0.00 0.00    0.98    0.95    0.84
policy A: 5 weeks below the buffer, mean fill 0.97, total spend 478,723
policy B: 0 weeks below the buffer, mean fill 0.93, total spend 451,632
policy C: 1 weeks below the buffer, mean fill 0.85, total spend 397,830
