TUNING WINDOW W1, stress 0.7, store CA_1 FOODS_3; overrides: none
buffer 16,596  opening cash 21,505  lump 8,597  weekly base fixed 6,149  R* 20,036
 wk  fixed  A_cash  B_cash  C_cash  A_spend  B_spend  C_spend  Cfull    B*  status   P*  P(A order)       P at 0/20/40/60/80/100%  A_fill  B_fill  C_fill
  1   6149   19049   19049   19049    18017    11589    22361  37414 22361 constra 0.90        1.00 1.00 1.00 1.00 0.90 0.46 0.12    0.94    0.94    0.94
  2   6149   19784   21447   19632    18104    17969     9121  41046  9121 cash_at 0.53        0.36 0.38 0.53 0.46 0.20 0.10 0.03    0.96    0.95    0.96
  3  14746   14888   18302   11900    15658    13254    17915  38918 17915 cash_at 0.02        0.02 0.02 0.02 0.02 0.02 0.02 0.02    0.98    0.93    0.94
  4   6149   16333   20865   15815    21362    20784    17115  49012 17115 cash_at 0.64        0.50 0.12 0.56 0.57 0.34 0.14 0.02    0.96    0.92    0.90
  5   6149   16451   21629   17036    18890    17483    14271  45165 14271 constra 0.90        0.43 0.40 0.91 0.82 0.38 0.05 0.00    0.98    0.96    0.95
  6   6149   19892   25774   21635    14443    11417    16083  59603 16083 cash_at 0.40        0.16 0.11 0.42 0.19 0.03 0.00 0.00    0.98    0.95    0.93
  7  14746   15139   21298   18679    21285    20150    18849  45673 18849 cash_at 0.66        0.40 0.07 0.60 0.66 0.40 0.06 0.00    0.97    0.91    0.91
  8   6149   20644   26463   23288    16343    18956    18207  45204 18207 constra 0.90        0.70 0.29 0.92 0.90 0.56 0.09 0.00    0.97    0.92    0.93
  9   6149   21930   27305   23937    20776    19427    21713  47374 21713 constra 0.90        0.75 0.71 1.00 0.98 0.52 0.05 0.00    0.96    0.93    0.92
 10   6149   25599   28953   25776    19474    18239    12782  47368 12782 cash_at 0.70        0.45 0.37 0.74 0.62 0.24 0.02 0.00    0.95    0.92    0.94
 11  14746   20347   23656   20266    20471    18793    29926  46714 29926 constra 0.90        0.97 0.95 1.00 1.00 0.96 0.40 0.03    0.98    0.94    0.93
 12   6149   22453   25625   21997    18812    17913    10592  35120 10592 cash_at 0.80        0.59 0.46 0.84 0.77 0.44 0.18 0.04    0.98    0.93    0.94
 13   6149   23332   26739   21019    21074    20163    14272  38778 14273 constra 0.90        0.48 0.37 0.91 0.88 0.65 0.25 0.03    0.97    0.93    0.95
 14   6149   22593   26392   22948    19624    19048    23950  48576 23950 constra 0.91        0.72 0.66 0.99 0.99 0.79 0.29 0.03    0.97    0.94    0.91
 15  14746   16043   19858   19072    17310    13099    13173  43678 13173 cash_at 0.80        0.57 0.54 0.83 0.71 0.29 0.11 0.04    0.99    0.97    0.96
 16   6149   19106   23308   21616    15438    15288    15915  37136 15915 cash_at 0.61        0.35 0.00 0.34 0.60 0.45 0.10 0.01    0.99    0.93    0.95
 17   6149   21394   25637   23961    17382    16108    20504  37140 20504 constra 0.90        0.77 0.35 0.98 0.98 0.85 0.23 0.01    0.95    0.89    0.92
 18   6149   24438   27781   25707    17808    17424    11820  33849 11820 cash_at 0.89        0.56 0.25 0.87 0.81 0.59 0.22 0.03    0.95    0.86    0.92
 19  14746   19871   22793   20350    17033    17457    26893  41642 26894 constra 0.90        0.94 0.48 0.96 0.96 0.93 0.53 0.04    0.98    0.94    0.94
 20   6149   26548   28628   26444    16351    18747     7971  38629  7971 cash_at 0.77        0.53 0.43 0.78 0.47 0.21 0.06 0.01    0.98    0.91    0.94
 21   6149   30593   30922   28908    21002    18387    24955  48561 24955 constra 0.90        0.82 0.84 1.00 0.99 0.59 0.06 0.00    0.95    0.93    0.91
 22   6149   35778   34155   32534    19061    19059    12909  37937 12909 constra 0.92        0.74 0.83 0.96 0.88 0.72 0.24 0.03    0.95    0.93    0.92
 23  14746   24448   23716   21296    21982    22601    34584  45172 34584 constra 0.91        1.00 1.00 1.00 1.00 1.00 0.81 0.11    0.95    0.92    0.91
 24   6149   27936   26671   23479    16814    15167     6375  33467  6375 cash_at 0.28        0.13 0.13 0.27 0.12 0.01 0.00 0.00    0.95    0.94    0.92
 25   6149   28980   27933   20772    16164    16114    12370  37111 12370 cash_at 0.77        0.40 0.24 0.79 0.70 0.32 0.03 0.00    0.99    0.98    0.97
 26   6149   29884   28581   24107    18045    16996    18245  40419 18245 constra 0.92        0.70 0.70 1.00 0.99 0.74 0.28 0.01    0.98    0.95    0.92
policy A: 5 weeks below the buffer, mean fill 0.97, total spend 478,723
policy B: 0 weeks below the buffer, mean fill 0.93, total spend 451,632
policy C: 2 weeks below the buffer, mean fill 0.93, total spend 452,871
